2 1.0 667.0 96.0 243.0 312.0
3 1.0 668.0 95.0 243.0 313.0
4 1.0 668.0 94.0 240.0 314.0
5 1.0 666.0 93.0 236.0 315.0
6 1.0 665.0 95.0 231.0 314.0
6 2.0 396.0 201.0 75.0 95.0
7 1.0 661.0 95.0 235.0 316.0
7 2.0 396.0 201.0 76.0 94.0
8 1.0 658.0 97.0 237.0 317.0
8 2.0 397.0 203.0 73.0 91.0
9 1.0 655.0 98.0 239.0 317.0
9 2.0 396.0 194.0 86.0 105.0
10 1.0 654.0 98.0 238.0 318.0
10 2.0 398.0 191.0 87.0 108.0
11 1.0 653.0 99.0 240.0 316.0
11 2.0 398.0 190.0 88.0 109.0
12 1.0 652.0 98.0 239.0 317.0
13 1.0 652.0 97.0 237.0 317.0
14 1.0 652.0 93.0 235.0 320.0
14 2.0 410.0 190.0 86.0 107.0
15 1.0 649.0 91.0 239.0 321.0
15 2.0 414.0 189.0 85.0 109.0
16 1.0 648.0 91.0 241.0 319.0
16 2.0 417.0 189.0 84.0 111.0
17 1.0 647.0 90.0 242.0 318.0
17 2.0 417.0 189.0 86.0 111.0
18 1.0 645.0 90.0 245.0 316.0
18 2.0 418.0 188.0 85.0 113.0
19 1.0 645.0 92.0 246.0 313.0
19 2.0 420.0 188.0 85.0 112.0
20 1.0 646.0 93.0 245.0 312.0
20 2.0 421.0 187.0 86.0 113.0
21 1.0 646.0 93.0 244.0 312.0
22 1.0 645.0 92.0 245.0 313.0
23 1.0 644.0 92.0 247.0 312.0
24 1.0 645.0 92.0 245.0 311.0
25 1.0 645.0 92.0 245.0 311.0
26 1.0 645.0 92.0 245.0 311.0
27 1.0 649.0 90.0 240.0 312.0
27 2.0 432.0 201.0 77.0 96.0
28 1.0 650.0 89.0 242.0 312.0
28 2.0 433.0 201.0 74.0 95.0
29 1.0 652.0 87.0 242.0 313.0
29 2.0 435.0 201.0 73.0 95.0
30 1.0 653.0 89.0 241.0 310.0
31 1.0 655.0 90.0 238.0 310.0
32 1.0 657.0 90.0 235.0 310.0
33 1.0 658.0 92.0 232.0 312.0
34 1.0 661.0 92.0 227.0 314.0
35 1.0 660.0 91.0 232.0 317.0
36 1.0 659.0 91.0 236.0 317.0
37 1.0 660.0 90.0 238.0 321.0
38 1.0 660.0 90.0 238.0 321.0
39 1.0 658.0 92.0 242.0 320.0
40 1.0 657.0 94.0 245.0 321.0
41 1.0 655.0 99.0 245.0 318.0
42 1.0 653.0 102.0 248.0 318.0
42 2.0 436.0 206.0 81.0 94.0
43 1.0 652.0 104.0 248.0 318.0
43 2.0 435.0 206.0 82.0 94.0
44 1.0 650.0 107.0 248.0 319.0
44 2.0 436.0 207.0 82.0 93.0
45 1.0 648.0 106.0 245.0 322.0
46 1.0 645.0 105.0 245.0 326.0
47 1.0 640.0 107.0 252.0 326.0
47 4.0 445.0 238.0 42.0 54.0
48 1.0 639.0 109.0 250.0 325.0
48 4.0 446.0 239.0 38.0 52.0
49 1.0 638.0 108.0 249.0 328.0
49 4.0 446.0 239.0 38.0 52.0
50 1.0 639.0 109.0 244.0 328.0
51 1.0 639.0 110.0 240.0 329.0
52 1.0 638.0 110.0 239.0 330.0
53 1.0 637.0 110.0 241.0 330.0
54 1.0 636.0 109.0 241.0 331.0
55 1.0 636.0 108.0 239.0 332.0
56 1.0 635.0 109.0 241.0 330.0
57 1.0 635.0 109.0 240.0 330.0
58 1.0 633.0 109.0 242.0 331.0
59 1.0 631.0 108.0 244.0 332.0
60 1.0 627.0 108.0 249.0 334.0
